Date,Description,Debit,Credit,Balance
2024-12-17,asd,10.00,,1485.00,
2024-12-17,ks,,123.00,1362.00,
2024-12-17,wqewqeqw,546.00,,1908.00,
2024-12-17,qwewwe,,15000.00,-13092.00,
2024-12-18,a,41411.00,,28319.00,
2024-12-18,a,123.00,,28442.00,
2024-12-18,a,1000.00,,29442.00,
2024-12-18,123,1234.00,,30676.00,
2024-12-19,1,12.00,,30688.00,
2024-12-19,3,,13.00,30675.00,
